[[ 5.98544896e-01  6.51668103e-12  4.39161520e-05 -1.44249125e-04
  -4.26651281e-02  1.29201807e-02 -5.12147228e-03 -8.98169451e-02
  -5.16674537e-03 -6.99678260e-02 -5.17326920e-03 -4.55860633e-02
  -5.12816504e-03 -1.85482713e-02 -5.01634601e-03  5.33177405e-03]
 [ 6.51668103e-12  1.10550602e-21  1.26623923e-15  4.31989417e-15
   1.16002675e-13  7.05498381e-13 -2.14458532e-13  4.10637873e-13
  -2.24165103e-13  5.76341929e-13 -2.35446445e-13  7.66308317e-13
  -2.47867077e-13  9.65647446e-13 -2.59690049e-13  1.13653469e-12]
 [ 4.39161520e-05  1.26623923e-15  1.74148774e-08 -7.34443693e-09
   2.69797142e-07  2.44971274e-06  6.37298937e-07 -1.16220375e-05
   6.70101002e-07 -1.06215098e-05  7.11347553e-07 -9.30424128e-06
   7.59384546e-07 -7.78527507e-06  8.04730350e-07 -6.48125824e-06]
 [-1.44249125e-04  4.31989417e-15 -7.34443693e-09  1.63301473e-06
   3.10866898e-05  6.50003579e-05  1.14480985e-06  1.45252150e-04
   1.05664318e-06  1.29423661e-04  9.10936747e-07  1.09595551e-04
   7.15794999e-07  8.76363077e-05  5.75548926e-07  7.06433999e-05]
 [-4.26651281e-02  1.16002675e-13  2.69797142e-07  3.10866898e-05
   6.61357686e-03  2.11925106e-03  1.41455591e-03  2.00247726e-03
   1.45494972e-03  7.50855534e-05  1.49823044e-03 -2.20286640e-03
   1.54100340e-03 -4.66565681e-03  1.57304340e-03 -6.84564988e-03]
 [ 1.29201807e-02  7.05498381e-13  2.44971274e-06  6.50003579e-05
   2.11925106e-03  4.73271630e-03  5.82364092e-04 -7.17094991e-04
   6.02791719e-04 -9.96502124e-04  6.26210441e-04 -1.29325049e-03
   6.51637142e-04 -1.57924999e-03  6.76981156e-04 -1.75341403e-03]
 [-5.12147228e-03 -2.14458532e-13  6.37298937e-07  1.14480985e-06
   1.41455591e-03  5.82364092e-04  8.72477153e-04  9.48084018e-03
   5.05481477e-04 -2.09033742e-03  5.25796024e-04 -2.42303349e-03
   5.47561751e-04 -2.76473320e-03  5.66316492e-04 -3.07534156e-03]
 [-8.98169451e-02  4.10637873e-13 -1.16220375e-05  1.45252150e-04
   2.00247726e-03 -7.17094991e-04  9.48084018e-03  8.29915499e-01
  -1.88780522e-03  3.46338626e-02 -2.01460368e-03  3.06071880e-02
  -2.16290151e-03  2.59875740e-02 -2.30178379e-03  2.21426823e-02]
 [-5.16674537e-03 -2.24165103e-13  6.70101002e-07  1.05664318e-06
   1.45494972e-03  6.02791719e-04  5.05481477e-04 -1.88780522e-03
   5.92319807e-04 -2.89586051e-04  5.44987256e-04 -2.53482201e-03
   5.67635948e-04 -2.88172377e-03  5.87172763e-04 -3.19736633e-03]
 [-6.99678260e-02  5.76341929e-13 -1.06215098e-05  1.29423661e-04
   7.50855534e-05 -9.96502124e-04 -2.09033742e-03  3.46338626e-02
  -2.89586051e-04  1.60590308e-01 -2.32835690e-03  2.92625140e-02
  -2.48028458e-03  2.56849147e-02 -2.62026323e-03  2.27473862e-02]
 [-5.17326920e-03 -2.35446445e-13  7.11347553e-07  9.10936747e-07
   1.49823044e-03  6.26210441e-04  5.25796024e-04 -2.01460368e-03
   5.44987256e-04 -2.32835690e-03  5.98293820e-04 -1.84724719e-03
   5.90750882e-04 -3.02169243e-03  6.11215946e-04 -3.34112513e-03]
 [-4.55860633e-02  7.66308317e-13 -9.30424128e-06  1.09595551e-04
  -2.20286640e-03 -1.29325049e-03 -2.42303349e-03  3.06071880e-02
  -2.53482201e-03  2.92625140e-02 -1.84724719e-03  8.00179626e-02
  -2.82552249e-03  2.50347075e-02 -2.96508943e-03  2.32048567e-02]
 [-5.12816504e-03 -2.47867077e-13  7.59384546e-07  7.15794999e-07
   1.54100340e-03  6.51637142e-04  5.47561751e-04 -2.16290151e-03
   5.67635948e-04 -2.48028458e-03  5.90750882e-04 -2.82552249e-03
   6.37552849e-04 -2.62936048e-03  6.37085139e-04 -3.49873394e-03]
 [-1.85482713e-02  9.65647446e-13 -7.78527507e-06  8.76363077e-05
  -4.66565681e-03 -1.57924999e-03 -2.76473320e-03  2.59875740e-02
  -2.88172377e-03  2.56849147e-02 -3.02169243e-03  2.50347075e-02
  -2.62936048e-03  5.73493363e-02 -3.31535037e-03  2.35282650e-02]
 [-5.01634601e-03 -2.59690049e-13  8.04730350e-07  5.75548926e-07
   1.57304340e-03  6.76981156e-04  5.66316492e-04 -2.30178379e-03
   5.87172763e-04 -2.62026323e-03  6.11215946e-04 -2.96508943e-03
   6.37085139e-04 -3.31535037e-03  6.78983137e-04 -3.17085145e-03]
 [ 5.33177405e-03  1.13653469e-12 -6.48125824e-06  7.06433999e-05
  -6.84564988e-03 -1.75341403e-03 -3.07534156e-03  2.21426823e-02
  -3.19736633e-03  2.27473862e-02 -3.34112513e-03  2.32048567e-02
  -3.49873394e-03  2.35282650e-02 -3.17085145e-03  5.09132681e-02]]
