zbin=0.0-0.1
3.250543762161106631e-01 -3.960529588818117205e-12 2.331251217810737997e-05 -2.863419800832928721e-05 -1.883688343731523829e-02 1.198908685091632301e-02 1.242960158129444203e-03 -9.562882179467966943e-04 4.467468004080634748e-03 -1.009078542276726914e-01
-3.960529588817347378e-12 9.025447119118848604e-22 5.209737567921052901e-16 -9.711353093323098412e-15 7.712688347909712151e-13 -1.352195119922048834e-13 2.086873890503379733e-14 -2.886033811823666735e-14 -1.056810786846098496e-13 1.861907840154438392e-12
2.331251217810724444e-05 5.209737567920831034e-16 1.612281162336993119e-08 -1.831652140711328754e-08 1.931740104016196400e-06 1.625560232805445853e-06 2.034462641592924723e-07 5.231738983575928496e-07 -9.327719646552644928e-06 -2.407207009679580888e-05
-2.863419800834009535e-05 -9.711353093323174143e-15 -1.831652140711446875e-08 9.238150126434449600e-07 7.379152845902028628e-06 3.531359697660765910e-05 5.540041303799229277e-07 3.378664433817933541e-06 8.556553885002471155e-05 1.030902790222160077e-04
-1.883688343731515155e-02 7.712688347910227120e-13 1.931740104016174377e-06 7.379152845901451798e-06 4.365285293156187692e-03 1.647510582876502089e-03 8.238567174365727232e-05 6.372264995759054518e-04 -8.033112507742152381e-03 -8.453558455425436852e-03
1.198908685091604892e-02 -1.352195119922369427e-13 1.625560232805392914e-06 3.531359697660813344e-05 1.647510582876509895e-03 3.405099854192773778e-03 1.757829355406976776e-04 4.585992390056966000e-04 -1.951668981197380009e-03 -9.831444594570306131e-03
1.242960158129458731e-03 2.086873890503069869e-14 2.034462641592922606e-07 5.540041303799707851e-07 8.238567174365545628e-05 1.757829355406994665e-04 2.100903552711508188e-05 1.942145775170942741e-05 -2.054357618535776074e-04 -8.292421862194434027e-04
-9.562882179469225702e-04 -2.886033811823177641e-14 5.231738983575834264e-07 3.378664433817953870e-06 6.372264995759167275e-04 4.585992390056955700e-04 1.942145775170927156e-05 3.599571375832184687e-04 -3.063844892728758134e-03 4.001988531834099923e-03
4.467468004081930587e-03 -1.056810786847028595e-13 -9.327719646552641539e-06 8.556553885002541628e-05 -8.033112507742268607e-03 -1.951668981197334472e-03 -2.054357618535763064e-04 -3.063844892728757267e-03 3.134511078153869312e-01 1.046409166861456963e-01
-1.009078542276687085e-01 1.861907840154498572e-12 -2.407207009679570724e-05 1.030902790222173765e-04 -8.453558455425570425e-03 -9.831444594570016432e-03 -8.292421862194206345e-04 4.001988531834087780e-03 1.046409166861462237e-01 7.950373995804460581e-01
zbin=0.1-0.2
7.964638196788600411e-01 -1.060043829179546660e-15 7.455271107020158112e-05 4.453115941321569848e-04 -3.300614564907859705e-02 5.481303875892932359e-02 3.246929905740489949e-03 1.545147932880498948e-03 8.854539703441896559e-02 -8.289144089352282196e-02
-1.060043827603481655e-15 1.027132112077531102e-21 1.147888117997937824e-15 1.353699886019663530e-14 9.517289081899903656e-13 1.072170706819491504e-12 5.428553062998800287e-14 -6.551938303306680123e-14 3.393506155343499864e-12 1.810349888653050991e-12
7.455271107020236716e-05 1.147888117997863277e-15 2.303692830004323017e-08 7.495249011284376652e-08 1.875353718967212425e-06 8.660514698540058129e-06 4.830144948340084708e-07 1.456992867055520518e-06 -1.209518257239433209e-06 -1.266666063430895646e-05
4.453115941321710253e-04 1.353699886019649646e-14 7.495249011284017987e-08 4.273256835352060388e-06 4.399486957338810119e-05 2.082624604792535430e-04 4.735679905099759819e-06 4.350135260230891519e-06 5.517653739960719185e-04 2.508909102746114165e-04
-3.300614564907747989e-02 9.517289081900931573e-13 1.875353718967274259e-06 4.399486957339036446e-05 6.395541553803929177e-03 3.121324767782548016e-03 8.568832956755091299e-05 1.182630452811105938e-03 -9.857374582575604421e-03 9.030836433648555851e-04
5.481303875893068361e-02 1.072170706819428093e-12 8.660514698539912440e-06 2.082624604792537870e-04 3.121324767782371942e-03 1.347025648727980321e-02 4.719562149113009329e-04 1.041122315310192246e-03 1.898748371735880028e-02 2.703824834441825170e-03
3.246929905740566710e-03 5.428553062998285950e-14 4.830144948340080473e-07 4.735679905099772525e-06 8.568832956754194121e-05 4.719562149113014750e-04 3.173574636005554642e-05 5.257869238247042594e-05 2.319053630800817841e-04 -3.310783825997297880e-04
1.545147932880347377e-03 -6.551938303305877379e-14 1.456992867055518400e-06 4.350135260231416680e-06 1.182630452811127839e-03 1.041122315310211979e-03 5.257869238247058180e-05 5.282923712429032567e-04 -5.445500348978188181e-03 -9.219830969109287433e-04
8.854539703442397547e-02 3.393506155343284991e-12 -1.209518257239869008e-06 5.517653739960646543e-04 -9.857374582576319128e-03 1.898748371735848456e-02 2.319053630800785586e-04 -5.445500348978237620e-03 1.259991725341794266e+00 6.575641906952603422e-02
-8.289144089352136480e-02 1.810349888653201442e-12 -1.266666063430919193e-05 2.508909102746076760e-04 9.030836433647053147e-04 2.703824834441738000e-03 -3.310783825997253428e-04 -9.219830969109928196e-04 6.575641906952657545e-02 1.755565918400179559e-01
zbin=0.2-0.30000000000000004
1.210292474860789058e+00 8.899003103924767755e-12 1.062265432677990829e-04 2.760901090752191202e-04 -6.696444435722979927e-02 5.790543572457589744e-02 3.475723615352433078e-03 -4.823520408699627504e-03 2.367110541299166926e-01 -7.050154529867137809e-02
8.899003103926351031e-12 1.242073470113646168e-21 1.761660257887543369e-15 1.734566337697828852e-14 2.342937862524875083e-13 1.401548648124026112e-12 6.469184243559692199e-14 -2.628951779718780482e-13 6.979510895777482210e-12 1.820668275744856320e-12
1.062265432677981207e-04 1.761660257887489923e-15 2.562901502740157760e-08 4.133623696628992816e-08 -7.080437268786513596e-07 8.203503568433611118e-06 4.894964417997128589e-07 1.173770665885617295e-06 5.662851201514188741e-06 -1.336171466274731043e-05
2.760901090751731500e-04 1.734566337697778049e-14 4.133623696627824175e-08 3.844637577523659319e-06 2.863510989847621355e-05 1.701576872401626905e-04 2.770006426561591704e-06 -5.202833383080098028e-06 5.615932238358891564e-04 2.494238368939959171e-04
-6.696444435723003519e-02 2.342937862526311946e-13 -7.080437268788110253e-07 2.863510989847908330e-05 8.884925737540247739e-03 1.666649218731581974e-03 3.220807831615901911e-05 1.800687012393014383e-03 -2.552446392083227919e-02 -1.337722579342239936e-03
5.790543572457418353e-02 1.401548648123977644e-12 8.203503568433174049e-06 1.701576872401680844e-04 1.666649218731501309e-03 1.142019419932556457e-02 3.861349836563490279e-04 6.422680972596351168e-04 2.019394274604518341e-02 2.142101074409071774e-03
3.475723615352432211e-03 6.469184243559448599e-14 4.894964417997110590e-07 2.770006426561942799e-06 3.220807831615868030e-05 3.861349836563607914e-04 2.871516070720910176e-05 4.589622895996727349e-05 2.402078597981983899e-04 -3.358393018630360808e-04
-4.823520408700171340e-03 -2.628951779718537134e-13 1.173770665885603319e-06 -5.202833383078125289e-06 1.800687012393090061e-03 6.422680972597102520e-04 4.589622895996799178e-05 7.429658121451613965e-04 -9.938177276741216176e-03 -2.886413707169228991e-03
2.367110541299184412e-01 6.979510895776958759e-12 5.662851201513103692e-06 5.615932238358723513e-04 -2.552446392083352125e-02 2.019394274604391706e-02 2.402078597981504140e-04 -9.938177276741400057e-03 7.135930757822263986e+05 6.714419636351739995e-02
-7.050154529867133646e-02 1.820668275744863994e-12 -1.336171466274799144e-05 2.494238368939839909e-04 -1.337722579342774448e-03 2.142101074408337118e-03 -3.358393018630580359e-04 -2.886413707169390754e-03 6.714419636351788567e-02 9.553885466167609530e-02
zbin=0.30000000000000004-0.4
9.841113915976547055e-01 6.339641509178129397e-12 7.948647804518010570e-05 -8.528874290399195938e-05 -6.324897613238072980e-02 3.076270950136600346e-02 2.331120032951989555e-03 -5.470297761344374531e-03 -2.630425141330785740e-02
6.339641509180560048e-12 1.200011141370538699e-21 1.484750742270420159e-15 1.232461735518789165e-14 3.063237929704110707e-13 1.083301040070622113e-12 5.352312664476573027e-14 -2.671286743423499492e-13 1.788264133029542023e-12
7.948647804518011925e-05 1.484750742270277967e-15 2.239635754330405052e-08 5.947148588525944098e-09 -2.551569597004192169e-07 5.254148612694794831e-06 3.583010881482656546e-07 1.115077787647663119e-06 -9.723408411329794885e-06
-8.528874290396493564e-05 1.232461735518847383e-14 5.947148588526657127e-09 3.229393580150286890e-06 4.143879692287817754e-05 1.300292742941995614e-04 1.267752200141286359e-06 -3.984913073631236107e-06 1.995189662928637680e-04
-6.324897613238023020e-02 3.063237929705943389e-13 -2.551569597004114877e-07 4.143879692287869254e-05 8.882794524038017253e-03 2.383897809290833839e-03 5.570808509019415712e-05 1.841693818262341714e-03 -4.317914898399945536e-03
3.076270950136734614e-02 1.083301040070573040e-12 5.254148612694819395e-06 1.300292742941976370e-04 2.383897809290767920e-03 8.451154611846992126e-03 2.628406080365065312e-04 6.609341768544161602e-04 1.883053219475203403e-03
2.331120032952031188e-03 5.352312664476095924e-14 3.583010881482672428e-07 1.267752200141155704e-06 5.570808509018942728e-05 2.628406080365023028e-04 2.313243358474332612e-05 4.402621613091264099e-05 -2.355692524771176163e-04
-5.470297761345246229e-03 -2.671286743423332885e-13 1.115077787647605097e-06 -3.984913073631376714e-06 1.841693818262406116e-03 6.609341768543860194e-04 4.402621613091114343e-05 7.631873455797408452e-04 -3.371113542429844765e-03
-2.630425141330183791e-02 1.788264133029608060e-12 -9.723408411329464542e-06 1.995189662928656112e-04 -4.317914898400288144e-03 1.883053219475516737e-03 -2.355692524771009738e-04 -3.371113542429882495e-03 6.660262116222905038e-02
zbin=0.4-0.5
8.751580494525840193e-01 4.701844726361290476e-12 6.614346818279118081e-05 -3.173645389372341881e-04 -6.186869101815649363e-02 1.548027709904574445e-02 1.769964603410209992e-03 -5.388648034399440116e-03 3.683559204779665325e-03
4.701844726362599909e-12 1.178120785755887044e-21 1.342150255270550576e-15 1.051779430019168066e-14 3.943570158759603492e-13 9.548711461646510811e-13 4.845702587965793886e-14 -2.645407307537525398e-13 1.763350114110872061e-12
6.614346818279062516e-05 1.342150255270507781e-15 2.074322001181917664e-08 -1.150461461108298177e-08 -3.983558643932198323e-08 3.784128004750655265e-06 2.938433563268881069e-07 1.110005936124106949e-06 -7.415467932821296398e-06
-3.173645389372709426e-04 1.051779430019221235e-14 -1.150461461108836506e-08 3.091200971281428359e-06 5.546063681663669631e-05 1.167207662601564349e-04 5.602461552161055070e-07 -2.622284679289373433e-06 1.610590128431448596e-04
-6.186869101815642424e-02 3.943570158760859107e-13 -3.983558643939968527e-08 5.546063681663516488e-05 8.942691218797283251e-03 3.001243873026392724e-03 6.704709955000721835e-05 1.831099621648645849e-03 -6.522299672392652473e-03
1.548027709904457871e-02 9.548711461646486578e-13 3.784128004750461295e-06 1.167207662601582374e-04 3.001243873026434791e-03 7.232671262819379519e-03 2.032422227901001873e-04 7.062684079323486210e-04 1.431756413970718123e-03
1.769964603410225604e-03 4.845702587965644949e-14 2.938433563268882128e-07 5.602461552162189035e-07 6.704709955000533455e-05 2.032422227901042259e-04 2.038053593540455687e-05 4.389387896897441562e-05 -1.775002899136353938e-04
-5.388648034399832164e-03 -2.645407307537341625e-13 1.110005936124090644e-06 -2.622284679288879189e-06 1.831099621648692470e-03 7.062684079323661851e-04 4.389387896897463246e-05 7.782895922145965234e-04 -3.657855964664891591e-03
3.683559204779901682e-03 1.763350114110813294e-12 -7.415467932821470887e-06 1.610590128431417425e-04 -6.522299672392817271e-03 1.431756413970519930e-03 -1.775002899136419803e-04 -3.657855964664917178e-03 5.665025417493212145e-02
cov matrix for all fisher information + any planck/extra info
1.644646101562926011e-01 -2.024822662290120460e-12 8.980613566602961586e-06 -4.877582301073755651e-05 -1.374190618320296139e-02 2.016052314277305517e-03 3.106856872661247046e-04 -8.359304977323008239e-04 1.047738630801285306e-02 -6.776815242162704221e-03
-2.024822662289854292e-12 7.896082565139168966e-22 6.834035077659565470e-16 -6.451498840382228574e-15 8.190947640206297068e-13 1.682466226741272130e-13 4.363899278923307321e-14 -9.927052885248508273e-15 -2.264183042923667814e-13 -6.999665661579095766e-14
8.980613566602902294e-06 6.834035077659640412e-16 1.307085460235089530e-08 -1.644313977275309609e-08 1.091786129317401296e-06 3.397650625756298121e-08 8.706232826523722464e-08 4.643773911327457780e-07 -5.763504419803989276e-06 -3.943785732946246507e-06
-4.877582301074036189e-05 -6.451498840382039247e-15 -1.644313977275350637e-08 6.083799675398469578e-07 5.354646588889314674e-06 2.118649157025813165e-05 -9.865887740911997149e-08 1.060109273912786942e-06 6.044153866541685682e-05 3.085765084971947580e-05
-1.374190618320283129e-02 8.190947640206618166e-13 1.091786129317386896e-06 5.354646588888927580e-06 3.024556506215661696e-03 1.100047771289330411e-03 6.662401912346072692e-05 5.395674898938315756e-04 -6.014496011452118152e-03 -2.042604838190623627e-03
2.016052314277345849e-03 1.682466226741311257e-13 3.397650625753551881e-08 2.118649157025808761e-05 1.100047771289326291e-03 1.763162944364315456e-03 6.881947367305942735e-05 3.227588344191840053e-04 -1.051856225249847088e-03 -7.682693631523424254e-04
3.106856872661397208e-04 4.363899278923263145e-14 8.706232826523665554e-08 -9.865887740912395519e-08 6.662401912345853141e-05 6.881947367305925117e-05 1.261628122574622141e-05 1.302585755029494497e-05 -1.181743469049831980e-04 -5.049803042335935111e-05
-8.359304977323345426e-04 -9.927052885242768521e-15 4.643773911327452486e-07 1.060109273912775295e-06 5.395674898938390565e-04 3.227588344191864448e-04 1.302585755029528717e-05 2.015944142015888886e-04 -2.368969787778377970e-03 -9.088905147614846115e-04
1.047738630801301786e-02 -2.264183042924260281e-13 -5.763504419804045180e-06 6.044153866541706688e-05 -6.014496011452188408e-03 -1.051856225249873543e-03 -1.181743469049873044e-04 -2.368969787778379271e-03 2.410454029566173606e-01 1.705468825262266425e-02
-6.776815242162633965e-03 -6.999665661580116868e-14 -3.943785732946269377e-06 3.085765084971937416e-05 -2.042604838190644010e-03 -7.682693631523529422e-04 -5.049803042336034722e-05 -9.088905147614866715e-04 1.705468825262266078e-02 1.932770423296564094e-02
