[[ 1.56469945e+02 -1.66232333e+12 -3.92304503e+04 -4.91654337e+03
   2.15248907e+03 -5.13369483e+02 -6.22538930e+01  1.17027794e+00
  -3.57596024e+02  6.87995507e+00 -8.04047171e+02  1.57611047e+01
  -1.17686764e+03  2.33468640e+01 -1.37401119e+03  2.73031080e+01]
 [-1.66232333e+12  4.73973664e+22 -1.56936786e+15  1.10731997e+15
  -3.79054191e+13 -1.52397572e+13  1.64934253e+12 -2.59514020e+10
   9.67408076e+12 -1.59633673e+11  2.22811230e+13 -3.87579322e+11
   3.34361593e+13 -6.14310447e+11  3.96553906e+13 -7.61766911e+11]
 [-3.92304503e+04 -1.56936786e+15  2.16072062e+08 -6.65691039e+07
   4.85700770e+05  1.43366713e+06 -5.40506141e+04  8.18885806e+02
  -3.18795591e+05  5.11159254e+03 -7.38768591e+05  1.26300059e+04
  -1.11460111e+06  2.03889507e+04 -1.31634575e+06  2.55329314e+04]
 [-4.91654337e+03  1.10731997e+15 -6.65691039e+07  4.08714679e+07
  -6.15722069e+05 -7.66223791e+05  4.01388713e+04 -7.32010831e+02
   2.33551730e+05 -4.42815999e+03  5.33130022e+05 -1.05294603e+04
   7.92123086e+05 -1.62996706e+04  9.25843756e+05 -1.97631854e+04]
 [ 2.15248907e+03 -3.79054191e+13  4.85700770e+05 -6.15722069e+05
   3.77369613e+04  3.56280329e+03 -1.37783830e+03  2.14920214e+01
  -8.02787108e+03  1.31845979e+02 -1.83462874e+04  3.19164105e+02
  -2.72905604e+04  5.04192151e+02 -3.20689555e+04  6.22924156e+02]
 [-5.13369483e+02 -1.52397572e+13  1.43366713e+06 -7.66223791e+05
   3.56280329e+03  1.70694714e+04 -5.40177026e+02  8.80700555e+00
  -3.16784602e+03  5.41731740e+01 -7.29498414e+03  1.31517022e+02
  -1.09386965e+04  2.08359615e+02 -1.28911725e+04  2.57405312e+02]
 [-6.22538930e+01  1.64934253e+12 -5.40506141e+04  4.01388713e+04
  -1.37783830e+03 -5.40177026e+02  4.45619443e+03 -6.33846557e+01
   0.00000000e+00  0.00000000e+00  0.00000000e+00  0.00000000e+00
   0.00000000e+00  0.00000000e+00  0.00000000e+00  0.00000000e+00]
 [ 1.17027794e+00 -2.59514020e+10  8.18885806e+02 -7.32010831e+02
   2.14920214e+01  8.80700555e+00 -6.33846557e+01  2.16386928e+00
   0.00000000e+00  0.00000000e+00  0.00000000e+00  0.00000000e+00
   0.00000000e+00  0.00000000e+00  0.00000000e+00  0.00000000e+00]
 [-3.57596024e+02  9.67408076e+12 -3.18795591e+05  2.33551730e+05
  -8.02787108e+03 -3.16784602e+03  0.00000000e+00  0.00000000e+00
   2.49361218e+04 -3.70768579e+02  0.00000000e+00  0.00000000e+00
   0.00000000e+00  0.00000000e+00  0.00000000e+00  0.00000000e+00]
 [ 6.87995507e+00 -1.59633673e+11  5.11159254e+03 -4.42815999e+03
   1.31845979e+02  5.41731740e+01  0.00000000e+00  0.00000000e+00
  -3.70768579e+02  1.33102375e+01  0.00000000e+00  0.00000000e+00
   0.00000000e+00  0.00000000e+00  0.00000000e+00  0.00000000e+00]
 [-8.04047171e+02  2.22811230e+13 -7.38768591e+05  5.33130022e+05
  -1.83462874e+04 -7.29498414e+03  0.00000000e+00  0.00000000e+00
   0.00000000e+00  0.00000000e+00  5.44999508e+04 -8.52354817e+02
   0.00000000e+00  0.00000000e+00  0.00000000e+00  0.00000000e+00]
 [ 1.57611047e+01 -3.87579322e+11  1.26300059e+04 -1.05294603e+04
   3.19164105e+02  1.31517022e+02  0.00000000e+00  0.00000000e+00
   0.00000000e+00  0.00000000e+00 -8.52354817e+02  3.23132058e+01
   0.00000000e+00  0.00000000e+00  0.00000000e+00  0.00000000e+00]
 [-1.17686764e+03  3.34361593e+13 -1.11460111e+06  7.92123086e+05
  -2.72905604e+04 -1.09386965e+04  0.00000000e+00  0.00000000e+00
   0.00000000e+00  0.00000000e+00  0.00000000e+00  0.00000000e+00
   7.74144191e+04 -1.27753060e+03  0.00000000e+00  0.00000000e+00]
 [ 2.33468640e+01 -6.14310447e+11  2.03889507e+04 -1.62996706e+04
   5.04192151e+02  2.08359615e+02  0.00000000e+00  0.00000000e+00
   0.00000000e+00  0.00000000e+00  0.00000000e+00  0.00000000e+00
  -1.27753060e+03  5.11911559e+01  0.00000000e+00  0.00000000e+00]
 [-1.37401119e+03  3.96553906e+13 -1.31634575e+06  9.25843756e+05
  -3.20689555e+04 -1.28911725e+04  0.00000000e+00  0.00000000e+00
   0.00000000e+00  0.00000000e+00  0.00000000e+00  0.00000000e+00
   0.00000000e+00  0.00000000e+00  8.73709170e+04 -1.50798301e+03]
 [ 2.73031080e+01 -7.61766911e+11  2.55329314e+04 -1.97631854e+04
   6.22924156e+02  2.57405312e+02  0.00000000e+00  0.00000000e+00
   0.00000000e+00  0.00000000e+00  0.00000000e+00  0.00000000e+00
   0.00000000e+00  0.00000000e+00 -1.50798301e+03  6.31641501e+01]]
